31483109 25665 1
9490003 7034 1
4952 1607 1
35698321 25552 1
3165809 22115 1
1321407 24109 1
10983522 25552 1
9124841 22115 1
2707802 4430 1
40420730 32044 3
21752664 41233 1
47289158 21288 1
32515823 25552 1
6872183 41233 1
45627057 2158 1
67002342 22115 1
29345021 7034 1
47483535 8948 3
1045241 18985 1
22625225 6371 1
4288014 41233 1
23992151 7034 1
42706361 25665 1
7560113 2158 1
40420730 32044 1
40637497 2158 1
68227164 32899 1
8954409 21288 1
23309801 4430 1
53902234 21288 1
5639142 7034 1
351298 18985 1
10768683 24109 1
53214944 7034 1
74674 25552 1
19838930 3150 1
51146596 24109 1
6835766 21288 1
2155138 22115 3
4444452 12159 1
57052241 25552 3
31533878 7034 1
19169456 7034 1
17277560 21288 1
787977 28932 3
25222411 7034 1
46549980 8128 3
54337597 12159 3
2000237 41233 1
2733688 41233 1
10362367 24109 1
27496442 41233 1
39689144 7662 1
57820856 7364 1
5488205 22697 1
39857918 7662 1
20666049 7364 1
6829421 10658 1
49834857 7662 1
222471 24109 1
22410548 25552 1
936741 7662 1
2155138 22115 1
57052241 25552 1
4152769 24109 1
36818420 2158 1
46549980 8128 1
408418 24109 3
20334866 7662 1
54337597 12159 1
8654889 7034 1
73185128 18985 1
15164646 8948 3
12159932 12159 1
883184 28932 3
5981724 44145 1
11967773 8948 1
49545612 25552 1
60438901 36953 1
6605373 45264 1
100322 21288 1
11877947 25552 1
4986528 18985 3
28775733 2158 3
26593537 25552 1
8235991 2158 1
408418 24109 1
11080447 12159 1
4418544 22115 1
11739588 7364 1
25172230 7364 1
4731558 3150 1
9176865 22115 1
883184 28932 1
43063110 25552 1
46058789 12159 1
71347594 30686 1
14798388 22115 1
9554416 22697 1
62162380 6371 1
20021 1607 1
21143014 31340 1
4986528 18985 1
28775733 2158 1
7529287 25665 1
17123741 7662 1
38097249 7034 1
52543043 25552 1
24109 4823758 1
13416346 41233 1
72218565 8948 1
19209309 24109 1
1959558 10658 1
1676269 32899 3
23812263 7364 1
72787967 22115 3
70677623 8948 1
347109 32899 1
6626941 7364 1
30354416 25552 1
16647456 7034 1
4914573 34120 1
17972151 10658 1
48996614 22697 1
4437051 24109 1
1672466 25665 1
69101500 25665 1
13263020 25552 1
6977082 7034 1
63582784 7364 1
6152047 41233 1
40867538 25665 1
10816681 41233 1
64802197 32899 1
1676269 32899 1
746301 22697 1
55835064 32899 3
54196108 32899 1
8160366 12159 1
10762600 22697 3
12098183 41233 1
2131239 22115 1
42611315 6371 1
22921647 7364 1
8985735 34120 1
26031312 6371 1
688220 24109 1
41157391 25665 3
7711184 34120 1
7374853 18985 1
14444670 41233 1
51816688 25665 1
3604486 25552 1
55835064 32899 1
43747346 22115 1
12314587 25552 1
39705695 25665 1
32356876 24109 1
6946993 7034 1
86676 24109 3
3938868 7364 1
5961086 24109 1
22498877 28796 1
2276007 24109 1
21763984 25665 1
4681238 7034 1
29568954 7034 1
51842108 7364 3
11228650 7662 1
18492904 24109 1
41157391 25665 1
16544918 12159 1
54404349 12159 3
274011 22115 3
6264466 12159 1
40700736 36953 1
38422701 31340 1
16543415 7034 1
58313017 21288 1
21685891 7034 1
126438 21288 3
15240835 25552 3
26378477 25665 1
86676 24109 1
54821450 7034 1
12874131 41233 1
2108126 31340 1
74315665 25552 1
5251333 3150 1
30686 5263954 1
55465825 7364 3
12624030 12159 1
274011 22115 1
3825126 7034 3
16152965 25665 1
20647612 12159 1
54404349 12159 1
14496866 24109 1
7690945 7034 1
5185535 28932 1
22665511 30686 1
9201723 36953 1
47275672 25665 3
9742153 41233 1
25220417 2158 1
15240835 25552 1
28143901 25665 1
17228 24109 1
51350714 32899 1
24109 17228 1
47210410 7662 1
12456928 7364 3
15553697 8128 3
2042390 24580 1
30918807 22697 1
45529344 32899 1
63138213 32044 1
506359 21288 1
11286924 7034 1
49002839 25665 1
55465825 7364 1
10824736 7034 1
16194151 7662 1
22545375 24109 1
9640226 8948 3
1832200 10658 1
19458619 24109 1
40041267 25665 1
1581169 4430 1
55525633 7364 1
50796297 2158 1
47275672 25665 1
53169939 12159 1
44939012 12159 3
61795687 25552 1
779664 18985 3
1842108 1607 1
6350334 32899 1
19886602 32899 1
12456928 7364 1
15553697 8128 1
5571939 41233 1
24279709 41233 1
3773229 22115 1
32081766 7034 1
6244768 31340 1
41184497 7662 1
25665 34837707 1
6416166 7662 1
6690653 25552 1
4105592 22697 1
10658 13055298 1
6008206 41233 1
50342929 12159 1
54389994 12159 1
27998556 12159 1
67293074 25665 1
63815835 8948 1
44939012 12159 1
39389507 25665 1
46869 25665 1
8131346 24109 1
45379681 25665 1
47893678 7034 1
253893 24109 3
1115876 24109 1
24988919 25552 3
10961090 28796 1
6371 52583 1
15442314 3150 1
30647772 32899 1
59931288 8948 1
61360402 24109 1
13869792 41233 1
10967006 28932 1
314580 12159 3
5512378 25552 1
190820 7440 3
953030 7662 3
1706870 24109 1
7588285 24109 1
66688416 2158 1
33613959 7662 1
872186 24109 1
6001065 41233 1
6606040 21288 1
2417642 21288 3
127780 1607 1
23471516 25552 1
17434031 32899 1
24988919 25552 1
53657416 1607 1
11308957 4430 1
2993379 22697 1
11372689 7034 1
12199738 22697 1
7614962 22115 1
42609190 7662 1
314580 12159 1
29189059 32899 1
56835806 32899 3
49690341 25665 1
30708177 31340 3
953030 7662 1
2113553 7662 1
3621803 24109 1
7030322 41233 1
8420636 25552 1
53112733 7364 1
61066842 25552 1
2417642 21288 1
1193909 32899 3
44690708 32044 1
2400851 1607 1
3362497 10658 1
9684149 48253 1
54228946 8948 1
26388836 7034 1
24040785 41233 1
4792955 22697 1
34428940 32899 1
1767271 25552 1
842918 24109 1
17731290 7034 1
36891598 2158 1
52286585 7662 1
20624765 7034 1
46210198 30686 1
6778187 21288 1
14400075 18985 1
56835806 32899 1
63898864 22115 3
30708177 31340 1
1782022 7034 1
36283334 12159 1
59674735 32899 3
68416558 25552 3
70060245 7034 1
1193909 32899 1
21775132 24109 1
29602127 32044 1
50041296 4430 1
3410256 22115 1
7086295 32899 1
44519578 8128 3
12214371 21288 1
9773819 7034 1
1609126 12159 1
212109 7440 1
17014646 34120 1
63898864 22115 1
25168902 7364 1
2363344 25552 1
59674735 32899 1
3481971 36953 1
878859 21288 1
3144638 41233 1
10424836 32899 1
23556548 34120 1
8463186 21288 1
2943994 33901 1
3085237 24109 3
53034510 7364 1
5587254 21288 1
44519578 8128 1
19930863 21288 1
15591539 41233 1
24109 2756 1
4898109 4430 1
33812682 22115 1
9326194 18985 1
6451626 7364 1
9487877 41233 1
9881469 7034 1
67892440 36953 1
10614267 32899 1
55685198 7034 1
74273923 32044 3
17444969 12159 1
11728796 41233 1
276434 25665 3
20549581 34120 1
1267567 21288 1
2693992 1607 1
2606218 7662 1
35229537 22697 3
3085237 24109 1
1478973 28932 3
9680805 34120 1
20555884 25552 1
1331759 41233 1
2314596 36953 1
29000971 24109 1
55571086 36953 1
1398486 21288 1
367273 1607 1
27902450 24109 1
74273923 32044 1
58939332 22115 3
121351 12159 1
71514223 7034 1
9675595 41233 1
276434 25665 1
1245554 47003 1
7188943 21288 1
100322 21288 3
45558525 25665 1
64348150 32899 1
16828387 31340 1
16317395 22115 3
5032581 41233 1
35229537 22697 1
4538625 21288 1
14656249 12159 3
23119711 12159 1
11585774 28932 1
77873 7364 1
19567884 7662 1
68565313 8948 1
176316 1607 1
21553542 4430 1
3357303 34120 1
11025277 28796 1
58939332 22115 1
3650957 25665 1
1959462 7034 1
54196991 32899 1
5735416 7034 1
19057041 7034 1
21993394 7662 1
23016993 31340 1
16317395 22115 1
50924220 7662 1
10870116 32899 1
16768094 28932 1
25236915 7662 1
14656249 12159 1
57659262 25665 1
12159 4418373 1
25665 26494211 1
70096644 36953 3
33904826 32899 1
3876737 3150 1
9803117 25665 3
12545723 34120 3
211924 24109 3
15073599 2158 1
28494848 7034 1
64968359 7364 1
13177476 12159 1
19114003 30686 1
252972 1607 1
50628167 8128 1
34282087 30686 1
47190939 25665 1
313973 7364 1
304218 21288 1
4896173 7364 1
14291949 41233 1
46799345 22697 1
43813488 7034 1
70096644 36953 1
13861531 23970 1
4498127 1607 1
9803117 25665 1
5733157 1607 1
8330264 7364 1
31703037 25665 1
12545723 34120 1
950334 24109 1
329109 24109 1
32972953 25552 1
35509374 12159 1
2311111 41233 1
23107729 1607 1
38798667 22115 1
48908499 25552 1
11951997 7662 1
8917006 7034 1
9678035 3150 1
18736666 33901 1
6968356 12159 1
7485807 25552 1
15204051 22697 1
21775601 7034 1
36169902 25665 1
67568189 8948 1
4905579 41233 1
4752244 41233 1
27072569 25552 1
23589149 28932 1
52166643 7034 1
17625409 22115 3
2778438 21288 1
34927564 25665 1
6947863 28932 1
23501864 7034 1
6525578 25552 1
91981 22697 1
931650 12159 1
915109 6371 1
28419951 7662 1
1417635 28932 1
56232039 25552 1
34377831 24109 1
16317073 22115 3
66045536 7034 1
42229483 8948 3
59507038 18754 1
54720495 7364 1
32954583 22115 3
8702063 12159 1
20701256 7662 1
39310848 22697 3
17625409 22115 1
6260431 18985 1
4952 6371 1
31532499 32899 1
32243814 22115 3
24000298 25665 1
3433900 7364 1
45078613 7034 1
4470499 30686 1
8840255 7034 1
3163231 7364 1
14789025 7034 1
16317073 22115 1
205411 22115 3
42229483 8948 1
32954583 22115 1
74407330 28932 1
11326322 4430 1
39310848 22697 1
18754 12311344 1
9920310 25552 1
719650 24109 1
20850748 21288 1
37498472 22697 1
42670647 7662 1
54890586 32899 1
32243814 22115 1
67617041 22115 1
6909141 41233 1
736813 8948 1
1779727 2158 1
22055279 12159 1
4646152 7034 1
205411 22115 1
843546 18985 1
6350334 32899 3
12728902 7662 1
43066776 25665 1
58192345 8948 1
25011273 4430 1
56429695 32899 1
5725278 25665 1
1632365 25552 1
19033151 7034 1
22601485 4430 1
4704073 25552 3
3127518 22697 1
26231046 25552 1
6344318 7034 1
33334828 4430 1
41179584 12159 3
15052205 12159 1
69933072 30686 1
33778984 31340 3
17282426 41233 1
29146616 12159 1
2343427 15187 3
30642855 41233 1
23478417 8128 1
721089 24109 1
5943684 32044 1
25665 25550 1
2038705 3150 1
1805586 24109 1
6658543 41233 1
64077567 22115 1
7749165 28932 1
4704073 25552 1
7034 8308516 1
41179584 12159 1
31058433 4430 1
7203917 21288 1
55067918 6371 1
33778984 31340 1
22937618 22115 1
9731526 21288 1
44187934 32044 1
4141276 24109 1
852983 25552 1
50985004 7034 1
955561 12159 1
8370630 41233 1
3833840 22697 1
67027721 25552 1
13254693 41233 1
3715906 21288 1
10834098 22697 1
13139052 7662 1
11608643 41233 1
11055982 7662 1
64927481 7364 1
41427704 25552 3
16550961 28932 1
9327055 25552 1
32717805 21288 1
40821501 25665 1
54186728 32899 1
61942840 7034 1
7898792 7034 1
47254417 25665 1
29866937 8948 1
11426887 25665 1
41403762 8128 3
2798956 32899 1
8524053 24580 1
2439204 28932 1
111676 12159 1
9140995 41233 1
48391611 7662 1
24796151 7034 1
18985 50605219 1
308 1607 1
21922159 7034 1
33754966 24109 1
41427704 25552 1
55208694 32899 1
12934836 7662 1
8542617 7034 1
1697726 25665 1
18516746 7662 1
4724797 41233 1
2513321 24109 3
6643730 22115 1
3256064 12159 1
17804275 10658 1
1655185 18985 1
19586907 25552 1
21175917 8128 1
41403762 8128 1
36043771 7662 1
12158304 41233 1
68471798 41233 1
7709405 41233 1
66612974 22115 1
43861517 25665 1
11227228 8128 1
1604802 12159 1
6613587 8948 1
8603007 25665 1
20292070 7662 1
40567071 32044 1
54593264 32044 1
1310836 25665 1
5297449 7364 1
50897819 25552 1
17534484 22115 1
8907645 41233 1
59707634 8948 1
43456776 25665 1
42680348 25665 1
23855509 22697 1
33901 43319008 1
23232282 7034 1
37925784 7034 1
23222251 25552 3
14435706 21288 1
19785290 25552 1
64533156 22115 1
5018502 7034 1
71424145 7034 1
20553288 30686 1
55603255 8948 3
15144074 23970 1
22115348 25665 1
12402327 25552 1
3483407 24580 1
25552 12807797 1
13692538 41233 1
42206875 2158 1
1071742 7662 1
511386 1607 1
23222251 25552 1
46362714 28796 1
24937618 25552 1
18511095 7034 1
20243231 7034 1
20896230 7034 1
4522678 25552 1
4690518 31340 1
55603255 8948 1
15459266 12159 1
1437974 24109 1
6630682 7034 1
583941 7662 1
28957500 7034 1
72067958 31340 1
2496615 7034 1
37513491 7662 1
51270365 25552 1
7662 4702728 1
10429947 7034 1
58567822 8948 1
13119323 25552 1
11639256 41233 3
48488945 7034 1
16398977 18985 1
5696535 24109 1
14004388 18985 1
8820859 41233 1
39693396 36953 1
3490265 24109 3
23497084 7034 1
41229609 7662 1
63307953 7034 1
2893927 24109 1
12040802 12159 3
16525178 25552 1
91384 3150 1
72239795 22115 3
9662788 7034 1
9128844 45264 1
57233594 31340 1
29420501 22115 1
16476023 41233 1
24411555 25665 1
20770048 12159 1
8766156 2158 1
15747810 7034 1
11639256 41233 1
34682110 12159 1
34530795 7034 1
3854297 25665 3
74601239 32899 1
13335286 25552 3
38593352 22697 1
1592700 10658 1
4389863 25552 1
3490265 24109 1
65491 28932 1
2680083 31340 1
14848911 18985 1
12040802 12159 1
382391 24109 3
26309971 12159 1
72239795 22115 1
14337968 2158 1
7781922 41233 1
47483535 8948 1
19852105 24109 1
29563369 18985 1
3854297 25665 1
31037964 7034 1
33161591 8128 3
13335286 25552 1
618403 24109 1
27536841 33901 1
4616475 34120 1
11216910 34120 1
5252187 25665 1
27165212 7662 1
1442757 41233 1
29945896 32899 1
5140347 21288 3
1811388 21288 1
19071601 32899 1
38068838 22115 1
444321 18985 1
5921041 41233 1
41942600 7034 1
3435632 24109 3
10175336 22697 1
20282269 10658 1
10383077 4430 1
28932 287903 1
2159216 41233 1
34120 26947 1
12818799 25552 1
33901 33675735 1
3944723 7034 1
17943324 25552 1
33161591 8128 1
25895185 25665 1
6150840 7662 1
49189246 47253 1
11115601 7034 1
1961406 18985 1
24930342 25552 1
40720888 25665 1
340898 32899 3
5140347 21288 1
222245 43842 1
61419269 32899 1
44914459 12159 1
58869163 47253 1
59478332 7034 1
64739536 22115 1
3435632 24109 1
1667628 21288 1
28932 28994591 1
49717049 8948 1
3475024 28932 1
24109 63421 1
27724881 7034 1
22473604 7364 1
7656342 7034 1
11567632 34120 3
31442237 25665 1
18259147 2158 1
60837692 32899 3
1885096 41233 1
6499218 41233 1
7446296 7034 3
15079967 41233 3
340898 32899 1
1843219 28796 1
15164646 8948 1
18879707 24109 1
1196397 25552 1
2735534 34120 1
24109 1115876 1
5715411 25552 1
18043149 41233 1
13688778 22115 1
35031746 7034 1
12996164 7662 1
5580259 3150 1
845887 32899 1
33530578 24109 1
25665 42130504 1
72218565 8948 3
68105690 8948 1
22937788 25552 1
11567632 34120 1
3254141 7662 1
56859283 32899 1
16812921 10658 1
57468108 7034 1
60837692 32899 1
2658983 24109 1
6693030 25665 1
2101026 7662 3
15079967 41233 1
7446296 7034 1
48128084 7034 1
60498047 25665 1
7731558 24109 1
1795497 8128 1
71853685 12159 1
1976719 24109 1
23890295 8948 3
1411873 19280 3
48918884 22115 1
29236538 25665 1
7877597 18985 1
45751607 32899 1
1324129 7662 3
23734271 41233 3
1612142 24109 1
5332151 8948 1
13174478 7364 1
14838820 7034 1
21990561 32899 3
25062926 12523 1
41631656 24580 1
36357222 32899 1
9782972 25665 1
23890295 8948 1
39121235 7034 1
3726561 22697 1
6917573 24109 1
6976854 41233 1
29682133 7034 1
42247843 25665 1
43552845 25665 1
28149534 4430 1
58575164 32899 1
7143803 7034 1
63606706 22697 1
1324129 7662 1
23734271 41233 1
37560679 7034 1
13055298 10658 1
21990561 32899 1
10621644 8948 1
58751567 31340 1
26096831 28796 1
50514539 32899 1
25552 23405832 1
4987065 41233 1
71362291 30686 3
27059559 7364 1
12807797 25552 1
69516113 32899 1
69618339 7034 1
41746014 8948 1
48270602 8948 1
31921959 12159 1
6861123 41233 1
7495155 25552 1
33788076 7034 1
54197002 32899 3
6777784 24109 1
7731531 7364 1
13932461 7364 1
1963244 28932 1
250451 21288 1
16031266 18985 1
14087 3150 1
71362291 30686 1
26122695 7034 1
4141276 24109 3
43064283 7364 1
20903377 34120 1
955561 12159 3
33642451 7034 1
32285453 31340 1
11401466 7364 1
1272903 25552 1
11313890 7034 1
9663672 24109 1
29290243 25552 3
54197002 32899 1
46099343 32899 1
73787292 22115 3
32574756 24109 1
23632727 24109 1
7254412 22697 1
10820962 32899 1
363292 28796 1
51842108 7364 1
2525781 7034 3
19038660 25552 1
24553541 22115 1
15860719 24109 1
52184289 25665 1
56966224 25665 3
17980218 41233 1
2355463 22697 1
764817 21288 1
43887909 8128 1
21847775 22697 1
3664882 41233 1
3175359 34120 1
2798956 32899 3
5942523 22697 1
31505372 24109 1
21288 4581791 1
15314781 34120 1
356794 18985 1
29290243 25552 1
65275897 32899 3
73787292 22115 1
49110571 30686 1
3426160 24109 3
4429294 41233 1
27556093 25552 1
42065889 4430 1
63057696 28932 1
6968540 24109 1
2525781 7034 1
5787817 7034 1
915811 8128 1
36180258 25665 3
50466673 25552 1
18755412 25665 1
1270555 41233 3
23540136 32899 1
40394931 33901 1
3825126 7034 1
56966224 25665 1
47177 25552 1
175451 1607 1
1205572 45264 1
12923590 22115 1
27772002 21288 1
51486683 7662 1
52018015 7662 3
12083587 41233 1
33402372 12159 3
8751273 41233 1
32899 2798956 1
31625708 7034 1
8308516 7034 1
43889018 25665 1
65275897 32899 1
70018080 31340 1
23970 199603 1
14845497 7364 1
7929232 7364 3
252972 6371 1
5632116 21288 1
24146775 7364 1
42946442 12159 1
21482342 24109 1
6934299 28932 1
36180258 25665 1
27764892 24109 1
61694977 18985 1
54755736 24109 1
36902496 25665 1
9640226 8948 1
2724035 22697 1
53046598 7662 1
52018015 7662 1
5733157 6371 1
33402372 12159 1
8948 28664 1
1733484 12159 3
2067676 7662 1
8000544 7034 1
10366985 18985 1
10781746 41233 1
1249343 18985 1
7929232 7364 1
2982013 7034 1
37192313 21288 1
3945065 7662 1
6722292 7034 1
2675256 24109 3
9440180 21288 1
35455798 36953 1
38448284 24109 1
34120 3577641 3
27774170 41233 1
5275478 18985 1
23636326 25552 3
1991232 41233 3
60793 21288 1
51360132 30686 1
1733484 12159 1
56112772 32044 1
12665049 22697 1
31079265 7034 1
26321257 41233 1
5566517 21288 1
1738790 24109 1
58337859 32899 1
26253839 25552 1
10040677 45264 1
47791288 7034 1
6224467 41233 1
34120 3577641 1
28809860 25552 1
71499425 7034 1
199603 23970 1
23636326 25552 1
6372567 1607 1
17653327 7034 1
14215646 34120 1
41967079 25665 1
424666 24109 1
61851203 7034 1
19193289 32044 1
12341351 25552 1
55050864 25552 1
10719099 21288 1
51592582 32899 3
7600313 24109 1
21389078 28932 1
68113817 7034 1
69703897 7034 1
4396113 22697 1
8431969 25552 1
10635789 22697 1
24580 16550 1
16089593 28796 1
17179059 7364 1
22339635 7364 3
10834640 22697 1
