36357222
7690945
22665511
33778984
19586907
65275897
14291949
16525178
20896230
14656249
26122695
29000971
8131346
8431969
27496442
1310836
5725278
10820962
3426160
211924
3410256
49717049
61851203
30708177
25220417
31625708
9124841
29602127
53657416
69933072
61360402
1604802
915109
17228
7560113
52286585
63307953
42609190
444321
57659262
63898864
9326194
931650
20903377
43889018
2245
2658983
9440180
4389863
6344318
32857
63606706
47893678
47254417
46362714
23232282
29345021
28775733
32044
4646152
52184289
10635789
26593537
15591539
56835806
27059559
63057696
67568189
883184
47190939
45718
42130504
276434
47003
20533
2159216
21288
10845
39389507
5140347
23309801
47266
953030
4396113
48389
23992151
31037964
31703037
28419951
4702728
22625225
58751567
13932461
27343
31372
32243814
24146775
6909141
18043149
43813488
49834857
54196991
21763984
22055279
314580
20666049
38588
46799345
845887
27774170
33530578
10658
21143014
30642855
48918884
20770048
41157391
70060245
55525633
29770
28932
250451
22601485
7034
21847775
8420636
3362497
74601239
37925784
6626941
1115876
3490265
5275478
18841
9773819
54228946
56966224
54186728
29290243
1270555
3650957
59674735
48128084
34120
77873
1196397
34428940
71362291
36043771
15747810
70096644
8160366
8948
17014646
11227228
12844
38448284
14798388
8542617
24937618
5332151
24988919
74273923
50466673
47084
34927564
58337859
363292
10424836
4444452
74674
43063110
4792955
24000298
22437
7529287
44145
45558525
6917573
15860719
51592582
25689
5571939
4690518
9662788
27165212
7588285
69101500
23222251
31532499
25552
9176865
42706361
22937788
2355463
35698321
1676269
6968540
23734271
18516746
21685891
7781922
618403
10040677
2735534
48261
2038705
29146616
11055982
40821501
7656342
915811
367273
8917006
12311344
9680805
12199738
61066842
32574756
5735416
8370630
6777784
2756
18985
3357303
56859283
4987065
26031312
20555884
49545612
33613959
33812682
10614267
34682110
40700736
26388836
25062926
1672466
11228650
42680348
22339635
10961090
11401466
34530795
32954583
35896
12402327
11025277
2042390
10824736
72239795
13254693
39693396
3577641
64739536
19280
12818799
20624765
1071742
19852105
52583
3664882
13055298
38068838
16194151
67293074
11080447
55603255
16317073
6008206
3433900
14789025
17277560
5733157
52166643
2343427
32717805
7711184
17123741
1581169
24796151
11286924
2101026
26494211
25550
1272903
3150
61795687
59478332
1963244
6150840
10366985
3621803
25011273
23497084
38422701
13692538
23119711
20282269
8235991
12314587
12214371
424666
15442314
24119
56429695
2131239
16550961
9684149
19785290
12120
1782022
4429294
14004388
351298
33916
57820856
14337968
9554416
42065889
68113817
6643730
3773229
3715906
41229609
25168902
29563369
27072569
20850748
53169939
12545723
71499425
6244768
3435632
73787292
1885096
71853685
1733484
28143901
35455798
10762600
20549581
583941
11739588
70018080
50796297
19886602
511386
21993394
33402372
3483407
1417635
2707802
42229483
4141276
64348150
10429947
8130
44519578
9920310
2417642
36978
29420501
49203
10768683
17980218
20647612
33642451
41631656
24930342
11115601
54404349
2982013
15459266
23589149
91384
5252187
222245
6499218
5715411
36902496
45271
26378477
66688416
12523
43552845
47253
872186
33675735
57468108
3165809
7030322
21775601
11313890
61942840
23048
12159
43064283
1632365
22921647
29068
274011
9201723
56232039
45627057
39689144
12158304
40637497
52018015
54755736
27772002
32939
1655185
53112733
10967006
48488945
4538625
1609126
23405832
69618339
54890586
44096
16543415
1991232
1267567
27536841
3945065
2798956
7203917
6264466
7485807
22133
25895185
69516113
15314781
27556093
21175917
16647456
3127518
6934299
7898792
21922159
21553542
3175359
5566517
48391611
408418
64802197
51816688
8463186
5032581
4470499
764817
21482342
31442237
17653327
66612974
4288014
205411
16550
17943324
17731290
253893
17179059
33334828
72067958
10343
10621644
30686
32285453
32515823
58939332
8128
22429
3085237
52543043
11326322
43319008
68227164
5297449
24279709
4898109
15553697
33904826
8654889
15073599
48996614
29945896
10383077
3726561
1961406
32356876
5512378
18755412
4418373
13119323
47275672
7724
9640226
23501864
23556548
4430
5251333
19033151
6947863
46869
20292070
12040802
68416558
29189059
7661
3876737
24583
21651
24553541
55208694
1478973
36283334
6778187
23016993
36180258
30647772
16317395
3854297
1697726
54821450
304218
8000544
51146596
21389078
4823758
8330264
5263954
3162
72218565
24040785
57052241
38798667
41427704
12665049
50924220
2513321
6968356
15187
14444670
12923590
6722292
2314596
14496866
41746014
12807797
6152047
23478417
3254141
36891598
7446296
43887909
1706870
1667628
15240835
24580
6630682
34377831
12934836
59931288
49690341
23540136
19193289
8985735
34837707
29866937
18259147
3475024
35229537
11426887
13263020
7731558
5981724
347109
50514539
6224467
15144074
55465825
736813
6872183
2276007
41942600
10834640
1045241
39857918
12874131
36169902
10362367
40394931
19458619
30918807
45529344
43861517
1795497
10719099
4522678
6613587
6693030
1249343
67002342
26096831
63421
1331759
287903
5488205
4105592
3604486
175451
2155138
46058789
51360132
1767271
10870116
7143803
9487877
4724797
9881469
60498047
55050864
55571086
127780
64927481
28494848
4952
47483535
42946442
3481971
43913
1959462
7500
60837692
10983522
50041296
28957500
26321257
26231046
2108126
40867538
59507038
6451626
1607
50897819
199603
1437974
5696535
62162380
63815835
4418544
356794
60438901
9140995
6371
787977
26947
73185128
2606218
58575164
3938868
46099343
2778438
3944723
63138213
22115
852983
6946993
4731558
14087
2400851
19930863
19567884
20553288
1843219
16812921
6861123
190820
74407330
23636326
71347594
2000237
28809860
53034510
35509374
22937618
44187934
44914459
843546
47791288
11728796
6606040
61694977
22410548
10175336
27764892
49002839
2733688
2311111
37560679
721089
19169456
5942523
1959558
41403762
51350714
17444969
13869792
19114003
41967079
4681238
9675595
54196108
126438
33901
11951997
13861531
23632727
5787817
2993379
59707634
8751273
44690708
44048
42247843
41179584
8907645
4905579
878859
14435706
35031746
32899
14215646
25236915
55835064
222471
20243231
4616475
5961086
39310848
18879707
3825126
2439204
15204051
5587254
6829421
68565313
29682133
10816681
54389994
9327055
74315665
6835766
4896173
19209309
22473604
49189246
9663672
11877947
4752244
41241
38097249
7731531
34282087
50342929
1321407
15164646
31533878
4986528
28796
21752664
15079967
6350334
32972953
14838820
47289158
29236538
5185535
54337597
25172230
9678035
31058433
111676
1811388
24919
31921959
4581791
67892440
11145
44939012
7364
28994591
23812263
72787967
31340
252972
37192313
4152769
7614962
11967773
1398486
11585774
1205572
53046598
36953
53902234
308
12624030
4437051
21990561
16398977
17804275
46210198
2158
5580259
35963
63582784
54593264
46549980
50605219
8820859
69703897
6372567
13174478
12728902
64968359
2680083
19290
32081766
33754966
2693992
11639256
39121235
9803117
54197002
13139052
43180
13335286
7188943
38593352
27902450
58567822
6690653
2893927
6658543
9731526
14848911
65491
1666
2113553
71514223
5639142
10659
19838930
42206875
20021
58869163
26309971
2943994
12098183
23970
58192345
8840255
8766156
9128844
33161591
28664
30354416
86676
16768094
7709405
11567632
6605373
7495155
31079265
27758
2067676
212109
12996164
340898
49110571
6001065
16089593
5921041
16031266
5018502
7254412
1832200
55685198
50628167
50985004
6976854
2525781
20334866
950334
53214944
719650
51842108
22545375
40567071
8702063
16544918
37498472
14400075
121351
10834098
48270602
4704073
12083587
47210410
60793
6977082
48253
22498877
1842108
64077567
12585
91981
31505372
4914573
12159932
31483109
23107729
3163231
42670647
43066776
8954409
28149534
1411873
39705695
68471798
29568954
1805586
17434031
51270365
58313017
23890295
8524053
2363344
41184497
45078613
5943684
27724881
9742153
779664
22115348
329109
43842
71424145
24411555
43747346
7929232
1193909
1779727
66045536
2724035
11372689
40420730
746301
1324129
37513491
18492904
936741
7374853
28954
313973
55067918
18754
17972151
29835
18736666
17625409
67027721
48908499
7440
842918
3144638
12456928
5632116
18511095
176316
688220
11308957
7749165
1442757
7600313
100322
12540
4498127
17534484
19071601
10781746
41233
1592700
13177476
506359
47177
67617041
1738790
45264
16828387
43456776
13416346
45751607
8308516
11608643
7086295
6525578
3256064
40041267
25583
21348
25222411
19057041
33788076
25549
61419269
382391
12341351
23471516
16476023
68105690
25665
56112772
8603007
3833840
9490003
45379681
1976719
2496615
1612142
27998556
70677623
7662
1245554
26253839
42611315
34267
16152965
54720495
20701256
22697
64533156
40720888
57233594
15052205
24109
36818420
17282426
23855509
11216910
2675256
13688778
51486683
9782972
955561
14845497
6416166
6260431
19038660
7877597
21775132
