1666 1607
2245 2158
3162 3150
7500 7440
7724 7662
8130 8128
10343 6371
10659 10658
10845 8948
12120 11145
12540 12523
12585 4430
12844 7034
18841 18754
19290 19280
21348 21288
22133 22115
22437 22429
23048 22697
24119 24109
24583 24580
24919 21651
25549 15187
25583 25552
25689 25665
27343 18985
28954 28932
29068 27758
29770 28796
29835 7364
31372 31340
32857 32044
32939 32899
33916 33901
34267 34120
35963 3150
36978 36953
38588 23970
41241 41233
43913 43842
44096 44048
45271 45264
45718 30686
47084 47003
47266 47253
48261 44145
48389 48253
49203 12159
