842918 86676 1
8985735 26947 3
20555884 47177 1
40821501 26494211 1
55835064 2798956 1
34377831 3085237 1
5725278 26494211 1
9678035 2038705 1
1767271 47177 1
175451 308 1
9803117 9782972 1
9678035 91384 1
176316 175451 1
1045241 351298 1
2155138 274011 3
367273 308 1
7614962 3165809 1
1961406 351298 1
883184 65491 3
4444452 4418373 1
9440180 4581791 1
23016993 2108126 1
20555884 47177 3
4152769 4141276 1
34428940 1676269 1
253893 211924 3
4444452 3256064 1
48908499 47177 1
12040802 4444452 1
9803117 9782972 3
424666 211924 1
15144074 199603 1
38422701 16828387 1
52166643 50985004 1
17534484 205411 1
23890295 15164646 1
21990561 2798956 1
7711184 3577641 1
14004388 9326194 1
9440180 4581791 3
22410548 4704073 1
1417635 787977 1
39121235 8840255 1
12040802 4444452 3
31505372 222471 1
4914573 3577641 1
314580 111676 1
23890295 15164646 3
27772002 4581791 1
40821501 36902496 1
24930342 12807797 1
6693030 276434 1
3483407 16550 1
1733484 111676 1
22410548 4704073 3
12040802 4418373 1
23992151 19033151 1
3715906 1398486 1
29602127 19193289 1
40867538 26494211 1
2038705 91384 1
49690341 3650957 1
9773819 7446296 1
66612974 32954583 1
66612974 14798388 1
9773819 9490003 1
47254417 34837707 1
14215646 3577641 1
24930342 12807797 3
955561 111676 1
74315665 55050864 1
10424836 2798956 1
7656342 3825126 1
211924 86676 3
2893927 408418 1
4152769 17228 1
6350334 1193909 1
7877597 351298 1
2155138 205411 1
253893 2756 3
26378477 276434 1
9663672 2658983 1
23556548 3577641 1
13688778 6643730 1
205411 274011 1
329109 86676 1
424666 86676 1
5140347 4581791 1
1738790 86676 1
313973 77873 1
1193909 2798956 1
955561 111676 3
2417642 1267567 1
2798956 1676269 1
4437051 222471 1
5733157 175451 1
10762600 3127518 1
30354416 12818799 1
30354416 12807797 1
6350334 1193909 3
5733157 4952 1
53169939 931650 1
6626941 77873 1
26494211 5725278 1
8954409 4581791 1
2893927 1805586 1
19071601 2798956 1
2893927 86676 1
61066842 47177 1
63138213 19193289 1
1417635 883184 1
931650 53169939 1
29420501 205411 1
4616475 3577641 1
8985735 26947 1
14838820 6344318 1
10424836 1193909 1
31483109 5725278 1
1805586 950334 1
8954409 4581791 3
68416558 4704073 1
2155138 274011 1
7374853 1045241 1
4681238 6344318 1
15314781 3577641 1
47177 23405832 1
883184 65491 1
1767271 74674 1
7877597 6260431 1
